00000000110 11111100110 11111100110 00001100110 00001100111 00001100111 00011100110 11111000110 11100000110 00000000110 00000000110
00000011011 11000011011 11000011011 11000011011 11000011111 11000011111 11000011011 11111011011 11111011011 00000011011 00000011011
00000011000 11111011000 11111011110 11000011110 11000011000 11000011000 11000011110 11111011110 11111011000 00000011000 00000011000
x00000011011 11111011011 11111011111 00011011111 11111011011 11111011011 11000011111 11111011111 11111011011 00000011011 00000011011
xx00000000110 11111000110 11111000110 11011000110 11011011110 11011011110 11011000110 11111000110 11111000110 00000000110 00000000110
00000000101 11001100101 11001100101 11111100101 11111101101 11001101101 11001101101 11111100101 11111100101 00000000101 00000000101
x00000000110 00100000110 01110011110 01110011110 11111000110 11111000110 11011011110 11011011110 10001000110 00000000110 00000000110
x00000000101 00110000101 01111001101 11111101101 11001100101 11001100101 11111101101 01111001101 00110000101 00000000101 00000000101
x00000000000 01111111110 01111111110 00011111000 00111011100 01111011110 11100000111 11001110011 00001110000 11111111111 11111111111
xxx00001110000 01111111110 01111111110 00011111000 00111011100 01111011110 11100000111 11011011011 00011011000 11111111111 11111111111
xx00000000000 11111111111 11111111111 00000000111 00011111110 00000001110 01111111100 00000000000 11111111111 11111111111 00001110000
00000000000 11111111110 11111111110 11100000000 11111111110 11100000000 11111111110 00000000000 11111111111 11111111111 00011011000
00000000000 01111111110 01111111110 00011011000 00011011000 01111111110 01111111110 00000000000 11111111111 11111111111 00000000000
x00110000110 11111110110 01111000110 11111100110 11001100110 11001100110 11111100110 01111000110 00110000110 00000000110 00000000110
